842;0;[2015,2016,2017,2018];
76;0;2018;3549
4;0;[1995,1996,1997,1998,1999];1
4;0;[2000,2001,2002,2003,2004];1
4;0;2005;0
4;0;2006;0
4;0;2007;0
4;0;2017;0
4;0;2018;0
8;0;1995;0
8;0;2018;0
12;0;2018;0
20;0;[2015,2016,2017,2018];1
24;0;[1995,1996,1997,1998,1999];1
24;0;[2000,2001,2002,2003,2004];1
24;0;2005;0
24;0;2006;0
24;0;2008;0
24;0;2016;0
24;0;2017;0
24;0;2018;0
660;0;[1995,1996,1997,1998,1999];1
660;0;2005;0
660;0;2009;0
660;0;[2010,2011,2012,2013,2014];1
660;0;[2015,2016,2017,2018];1
28;0;1995;0
28;0;1996;0
28;0;1997;0
28;0;1998;0
28;0;2001;0
28;0;2002;0
28;0;2003;0
28;0;2004;0
28;0;2006;0
28;0;2008;0
28;0;2018;0
32;0;2018;0
51;0;1995;0
51;0;1996;0
51;0;1998;0
533;0;[1995,1996,1997,1998,1999];1
533;0;2018;0
36;0;2018;0
31;0;1995;0
31;0;2018;0
44;0;1995;0
44;0;1996;0
44;0;2016;0
44;0;2017;0
44;0;2018;0
48;0;[1995,1996,1997,1998,1999];1
48;0;2017;0
48;0;2018;0
50;0;1999;0
50;0;2014;0
50;0;2016;0
50;0;2017;0
50;0;2018;0
52;0;1995;0
52;0;1996;0
112;0;1995;0
112;0;1996;0
112;0;1997;0
84;0;2018;0
204;0;1995;0
204;0;1996;0
204;0;1997;0
204;0;2018;0
60;0;1996;0
60;0;1997;0
60;0;1998;0
60;0;1999;0
60;0;[2000,2001,2002,2003,2004];1
60;0;[2005,2006,2007,2008,2009];1
60;0;2010;0
60;0;2011;0
64;0;1995;0
64;0;1996;0
64;0;1997;0
64;0;[2000,2001,2002,2003,2004];1
64;0;2013;0
64;0;2014;0
64;0;[2015,2016,2017,2018];1
535;0;[1995,1996,1997,1998,1999];1
535;0;[2000,2001,2002,2003,2004];1
535;0;[2005,2006,2007,2008,2009];1
535;0;[2010,2011,2012,2013,2014];1
535;0;[2015,2016,2017,2018];1
70;0;[1995,1996,1997,1998,1999];1
70;0;2000;0
70;0;2001;0
70;0;2002;0
70;0;2018;0
72;0;[1995,1996,1997,1998,1999];1
72;0;2018;0
92;0;[1995,1996,1997,1998,1999];1
92;0;[2000,2001,2002,2003,2004];1
92;0;[2005,2006,2007,2008,2009];1
92;0;[2010,2011,2012,2013,2014];1
92;0;[2015,2016,2017,2018];1
76;0;2018;0
96;0;1995;0
96;0;1996;0
96;0;1999;0
96;0;2000;0
96;0;2005;0
96;0;[2015,2016,2017,2018];
4;0;[1995,1996,1997,1998,1999];
4;0;[1995,1996,1997,1998,1999];1
4;0;[2000,2001,2002,2003,2004];1
4;0;2005;0
4;0;2006;0
4;0;2007;0
4;0;2017;0
4;0;2018;0
8;0;1995;0
8;0;2018;0
12;0;2018;0
20;0;[2015,2016,2017,2018];1
24;0;[1995,1996,1997,1998,1999];1
24;0;[2000,2001,2002,2003,2004];1
24;0;2005;0
24;0;2006;0
24;0;2008;0
24;0;2016;0
24;0;2017;0
24;0;2018;0
660;0;[1995,1996,1997,1998,1999];1
660;0;2005;0
660;0;2009;0
660;0;[2010,2011,2012,2013,2014];1
4;0;[2005,2006,2007,2008,2009]
4;0;[2015,2016,2017,2018];1
8;0;[2015,2016,2017,2018];1
12;0;[2015,2016,2017,2018];1
20;0;[2015,2016,2017,2018];1
24;0;2005;0
24;0;2006;0
24;0;2008;0
24;0;[2015,2016,2017,2018];1
660;0;2005;0
660;0;2009;0
660;0;[2010,2011,2012,2013,2014];1
660;0;[2015,2016,2017,2018];1
28;0;2006;0
28;0;2008;0
28;0;[2015,2016,2017,2018];1
32;0;[2015,2016,2017,2018];1
533;0;[2015,2016,2017,2018];1
36;0;[2015,2016,2017,2018];1
31;0;[2015,2016,2017,2018];1
44;0;[2015,2016,2017,2018];1
48;0;[2015,2016,2017,2018];1
50;0;2014;0
50;0;[2015,2016,2017,2018];1
84;0;[2015,2016,2017,2018];1
204;0;[2015,2016,2017,2018];1
60;0;[2005,2006,2007,2008,2009];1
60;0;2010;0
60;0;2011;0
64;0;2013;0
64;0;2014;0
64;0;[2015,2016,2017,2018];1
535;0;[2005,2006,2007,2008,2009];1
535;0;[2010,2011,2012,2013,2014];1
535;0;[2015,2016,2017,2018];1
70;0;[2015,2016,2017,2018];1
72;0;[2015,2016,2017,2018];1
92;0;[2005,2006,2007,2008,2009];1
92;0;[2010,2011,2012,2013,2014];1
92;0;[2015,2016,2017,2018];1
76;0;[2015,2016,2017,2018];1
96;0;2005;0
854;0;2006;0
854;0;[2015,2016,2017,2018];1
108;0;2018;0
132;0;2008;0
132;0;2018;0
116;0;2017;0
116;0;2018;0
120;0;2018;0
124;0;2018;0
136;0;[2005,2006,2007,2008,2009];1
136;0;[2010,2011,2012,2013,2014];1
136;0;[2015,2016,2017,2018];1
140;0;[2005,2006,2007,2008,2009]
140;0;[2010,2011,2012,2013,2014]
140;0;2018;0
148;0;[2005,2006,2007,2008,2009];1
148;0;[2010,2011,2012,2013,2014];1
148;0;[2015,2016,2017,2018];1
156;0;2018;0
446;0;2013;0
446;0;2017;0
446;0;2018;0
170;0;2018;0
174;0;2014;0
174;0;[2015,2016,2017,2018];1
178;0;2005;0
178;0;2006;0
178;0;2015;0
178;0;2016;0
178;0;2018;0
184;0;2006;0
184;0;2007;0
184;0;2012;0
184;0;2013;0
184;0;2014;0
184;0;[2015,2016,2017,2018];1
188;0;2018;0
384;0;2018;0
192;0;2007;0
192;0;2008;0
192;0;2009;0
192;0;[2010,2011,2012,2013,2014];1
192;0;[2015,2016,2017,2018];1
531;0;[2005,2006,2007,2008,2009];1
531;0;[2010,2011,2012,2013,2014];1
531;0;[2015,2016,2017,2018];1
408;0;[2005,2006,2007,2008,2009];1
408;0;[2010,2011,2012,2013,2014];1
408;0;[2015,2016,2017,2018]
180;0;[2005,2006,2007,2008,2009];1
180;0;[2010,2011,2012,2013,2014];1
180;0;[2015,2016,2017,2018];1
262;0;2005;0
262;0;2006;0
262;0;2007;0
262;0;2008;0
262;0;[2010,2011,2012,2013,2014];1
262;0;[2015,2016,2017,2018];1
212;0;2011;0
212;0;2013;0
212;0;2014;0
212;0;[2015,2016,2017,2018];1
214;0;2018;0
588;0;[2005,2006,2007,2008,2009];1
588;0;[2010,2011,2012,2013,2014];1
588;0;[2015,2016,2017,2018];1
226;0;[2005,2006,2007,2008,2009];1
226;0;[2010,2011,2012,2013,2014];1
226;0;[2015,2016,2017,2018];1
232;0;[2005,2006,2007,2008,2009];1
232;0;[2010,2011,2012,2013,2014];1
232;0;[2015,2016,2017,2018];1
231;0;2017;0
231;0;2018;0
234;0;[2010,2011,2012,2013,2014];1
234;0;[2015,2016,2017,2018];1
238;0;[2005,2006,2007,2008,2009];1
238;0;[2010,2011,2012,2013,2014];1
238;0;[2015,2016,2017,2018];1
254;0;[2005,2006,2007,2008,2009];1
254;0;[2010,2011,2012,2013,2014];1
254;0;[2015,2016,2017,2018];1
258;0;2016;0
258;0;2017;0
258;0;2018;0
583;0;2014;0
583;0;[2015,2016,2017,2018];1
266;0;[2010,2011,2012,2013,2014];1
266;0;[2015,2016,2017,2018];1
270;0;2018;0
288;0;2014;0
288;0;2015;0
292;0;[2005,2006,2007,2008,2009];1
292;0;[2010,2011,2012,2013,2014];1
292;0;[2015,2016,2017,2018];1
304;0;2017;0
304;0;2018;0
308;0;2009;0
308;0;[2010,2011,2012,2013,2014];1
308;0;[2015,2016,2017,2018];1
312;0;[2005,2006,2007,2008,2009];1
312;0;[2010,2011,2012,2013,2014];1
312;0;[2015,2016,2017,2018];1
320;0;2018;0
324;0;2009;0
324;0;2010;0
324;0;2011;0
324;0;2012;0
324;0;2016;0
324;0;2017;0
324;0;2018;0
624;0;2006;0
624;0;2007;0
624;0;2008;0
624;0;2009;0
624;0;[2010,2011,2012,2013,2014];1
624;0;[2015,2016,2017,2018];1
332;0;[2005,2006,2007,2008,2009];1
332;0;[2010,2011,2012,2013,2014];1
332;0;[2015,2016,2017,2018];1
336;0;[2005,2006,2007,2008,2009];1
336;0;[2010,2011,2012,2013,2014];1
336;0;[2015,2016,2017,2018];1
340;0;2008;0
340;0;2013;0
340;0;2018;0
699;0;[2015,2016,2017,2018]
364;0;2007;0
364;0;2008;0
364;0;2009;0
364;0;2012;0
364;0;2015;0
364;0;2018;0
368;0;[2005,2006,2007,2008,2009];1
368;0;2017;0
368;0;2018;0
388;0;2018;0
392;0;2018;0
400;0;2018;0
398;0;2018;0
404;0;2011;0
404;0;2012;0
404;0;2014;0
404;0;2015;0
404;0;2016;0
404;0;2018;0
296;0;2006;0
296;0;2017;0
296;0;2018;0
414;0;2005;0
414;0;2012;0
414;0;2018;0
417;0;2014;0
418;0;[2005,2006,2007,2008,2009];1
418;0;2017;0
418;0;2018;0
422;0;2018;0
426;0;2005;0
426;0;2006;0
426;0;2007;0
426;0;2016;0
426;0;2018;0
430;0;[2005,2006,2007,2008,2009];1
430;0;[2010,2011,2012,2013,2014];1
430;0;[2015,2016,2017,2018];1
434;0;2005;0
434;0;2006;0
434;0;2011;0
434;0;2012;0
434;0;2013;0
434;0;2014;0
434;0;[2015,2016,2017,2018];1
450;0;2018;0
454;0;2018;0
458;0;2018;0
462;0;2018;0
466;0;2009;0
466;0;2013;0
466;0;2014;0
466;0;2015;0
466;0;2018;0
584;0;[2005,2006,2007,2008,2009];1
584;0;[2010,2011,2012,2013,2014];1
584;0;[2015,2016,2017,2018];1
474;0;[2005,2006,2007,2008,2009];1
474;0;[2010,2011,2012,2013,2014];1
474;0;[2015,2016,2017,2018];1
478;0;2006;0
478;0;2015;0
478;0;2018;0
480;0;2018;0
175;0;[2010,2011,2012,2013,2014];1
175;0;[2015,2016,2017,2018];1
496;0;2008;0
496;0;2009;0
496;0;2010;0
496;0;2011;0
496;0;2012;0
496;0;2018;0
499;0;2005;0
499;0;2018;0
500;0;2011;0
500;0;[2015,2016,2017,2018];1
504;0;2018;0
104;0;[2005,2006,2007,2008,2009];1
104;0;[2015,2016,2017,2018]
580;0;[2005,2006,2007,2008,2009];1
580;0;[2010,2011,2012,2013,2014];1
580;0;[2015,2016,2017,2018];1
516;0;2018;0
524;0;2005;0
524;0;2006;0
524;0;2007;0
524;0;2008;0
524;0;2018;0
530;0;2009;0
530;0;[2010,2011,2012,2013,2014];1
530;0;[2015,2016,2017,2018];1
532;0;[2005,2006,2007,2008,2009];1
532;0;[2010,2011,2012,2013,2014];1
532;0;[2015,2016,2017,2018];1
540;0;2016;0
540;0;2017;0
540;0;2018;0
558;0;2018;0
562;0;2017;0
562;0;2018;0
566;0;2005;0
566;0;2015;0
566;0;2018;0
579;0;2018;0
512;0;2018;0
490;0;2018;0
585;0;[2005,2006,2007,2008,2009];1
585;0;2010;0
585;0;2011;0
585;0;2013;0
585;0;2018;0
591;0;2017;0
591;0;2018;0
598;0;[2005,2006,2007,2008,2009];1
598;0;2010;0
598;0;2013;0
598;0;2014;0
598;0;[2015,2016,2017,2018];1
459;0;[2005,2006,2007,2008,2009];1
459;0;[2010,2011,2012,2013,2014];1
459;0;[2015,2016,2017,2018];1
604;0;2018;0
634;0;2017;0
634;0;2018;0
410;0;2018;0
638;0;[2005,2006,2007,2008,2009];1
638;0;[2010,2011,2012,2013,2014];1
638;0;[2015,2016,2017,2018];1
643;0;[2015,2016,2017,2018];1
646;0;[2015,2016,2017,2018];1
647;0;[2005,2006,2007,2008,2009];1
647;0;[2010,2011,2012,2013,2014];1
647;0;[2015,2016,2017,2018];1
461;0;[2005,2006,2007,2008,2009];1
461;0;[2010,2011,2012,2013,2014];1
461;0;[2015,2016,2017,2018];1
654;0;[2005,2006,2007,2008,2009];1
654;0;[2010,2011,2012,2013,2014];1
654;0;[2015,2016,2017,2018];1
659;0;2018;0
658;0;[2005,2006,2007,2008,2009];1
658;0;[2010,2011,2012,2013,2014];1
658;0;[2015,2016,2017,2018];1
662;0;2018;0
534;0;[2005,2006,2007,2008,2009];1
534;0;[2010,2011,2012,2013,2014];1
534;0;[2015,2016,2017,2018]
666;0;[2005,2006,2007,2008,2009];1
666;0;[2010,2011,2012,2013,2014];1
666;0;[2015,2016,2017,2018];1
670;0;2018;0
882;0;2018;0
4;0;[1995,1996,1997,1998,1999];1
4;0;[2000,2001,2002,2003,2004];1
4;0;[2005];1
4;0;[1995,1996,1997,1998,1999];1
4;0;[2000,2001,2002,2003,2004];1
8;0;1995;0
24;0;[1995,1996,1997,1998,1999];1
24;0;[2000,2001,2002,2003,2004];1
660;0;[1995,1996,1997,1998,1999];1
28;0;1995;0
28;0;1996;0
28;0;1997;0
28;0;1998;0
28;0;2001;0
28;0;2002;0
28;0;2003;0
28;0;2004;0
51;0;1995;0
51;0;1996;0
51;0;1998;0
533;0;[1995,1996,1997,1998,1999];1
31;0;1995;0
44;0;1995;0
44;0;1996;0
48;0;[1995,1996,1997,1998,1999];1
50;0;1999;0
52;0;1995;0
52;0;1996;0
112;0;1995;0
112;0;1996;0
112;0;1997;0
204;0;1995;0
204;0;1996;0
204;0;1997;0
60;0;1996;0
60;0;1997;0
60;0;1998;0
60;0;1999;0
60;0;[2000,2001,2002,2003,2004];1
64;0;1995;0
64;0;1996;0
64;0;1997;0
64;0;[2000,2001,2002,2003,2004];1
535;0;[1995,1996,1997,1998,1999];1
535;0;[2000,2001,2002,2003,2004];1
70;0;[1995,1996,1997,1998,1999];1
70;0;2000;0
70;0;2001;0
70;0;2002;0
72;0;[1995,1996,1997,1998,1999];1
92;0;[1995,1996,1997,1998,1999];1
92;0;[2000,2001,2002,2003,2004];1
96;0;1995;0
96;0;1996;0
96;0;1999;0
96;0;2000;0
132;0;1995;0
132;0;1996;0
116;0;[1995,1996,1997,1998,1999];1
120;0;1998;0
120;0;1999;0
136;0;[1995,1996,1997,1998,1999];1
136;0;[2000,2001,2002,2003,2004];1
148;0;[1995,1996,1997,1998,1999];1
148;0;[2000,2001,2002,2003,2004];1
344;0;[2000,2001,2002,2003,2004];
4;0;[1995,1996,1997,1998,1999];1
4;0;[2000,2001,2002,2003,2004];1
8;0;[1995,1996,1997,1998,1999];
24;0;[1995,1996,1997,1998,1999];1
24;0;[2000,2001,2002,2003,2004];1
660;0;[1995,1996,1997,1998,1999];1
28;0;1995;0
28;0;1996;0
28;0;1997;0
28;0;1998;0
28;0;2001;0
28;0;2002;0
28;0;2003;0
28;0;2004;0
51;0;1995;0
51;0;1996;0
51;0;1998;0
533;0;[1995,1996,1997,1998,1999];1
31;0;1995;0
44;0;1995;0
44;0;1996;0
48;0;[1995,1996,1997,1998,1999];1
50;0;1999;0
52;0;1995;0
52;0;1996;0
112;0;1995;0
112;0;1996;0
112;0;1997;0
204;0;1995;0
204;0;1996;0
204;0;1997;0
60;0;1996;0
60;0;1997;0
60;0;1998;0
60;0;1999;0
60;0;[2000,2001,2002,2003,2004];1
64;0;1995;0
64;0;1996;0
64;0;1997;0
64;0;[2000,2001,2002,2003,2004];1
535;0;[1995,1996,1997,1998,1999];1
535;0;[2000,2001,2002,2003,2004];1
70;0;[1995,1996,1997,1998,1999];1
70;0;2000;0
70;0;2001;0
70;0;2002;0
72;0;[1995,1996,1997,1998,1999];1
92;0;[1995,1996,1997,1998,1999];1
92;0;[2000,2001,2002,2003,2004];1
96;0;1995;0
96;0;1996;0
96;0;1999;0
96;0;2000;0
132;0;1995;0
132;0;1996;0
116;0;[1995,1996,1997,1998,1999];1
120;0;1998;0
120;0;1999;0
136;0;[1995,1996,1997,1998,1999];1
136;0;[2000,2001,2002,2003,2004];1
148;0;[1995,1996,1997,1998,1999];1
148;0;[2000,2001,2002,2003,2004];1
178;0;1996;0
178;0;1997;0
178;0;1998;0
178;0;1999;0
178;0;[2000,2001,2002,2003,2004];1
184;0;[1995,1996,1997,1998,1999];1
192;0;1995;0
192;0;1996;0
192;0;1997;0
192;0;1998;0
531;0;[1995,1996,1997,1998,1999];1
531;0;[2000,2001,2002,2003,2004];1
408;0;[1995,1996,1997,1998,1999];1
408;0;[2000,2001,2002,2003,2004];
180;0;[1995,1996,1997,1998,1999];1
180;0;[2000,2001,2002,2003,2004];1
262;0;[1995,1996,1997,1998,1999];1
262;0;[2000,2001,2002,2003,2004];1
212;0;1998;0
214;0;1995;0
214;0;1998;0
214;0;1999;0
214;0;2000;0
588;0;[1995,1996,1997,1998,1999];1
588;0;[2000,2001,2002,2003,2004];1
218;0;1997;0
222;0;1997;0
226;0;[1995,1996,1997,1998,1999];1
226;0;[2000,2001,2002,2003,2004];1
232;0;[1995,1996,1997,1998,1999];1
232;0;2000;0
232;0;2001;0
232;0;2002;0
232;0;2004;0
231;0;1996;0
234;0;1995;0
238;0;[1995,1996,1997,1998,1999];1
238;0;[2000,2001,2002,2003,2004];1
242;0;[1995,1996,1997,1998,1999];1
254;0;1996;0
254;0;1997;0
254;0;1998;0
254;0;1999;0
254;0;[2000,2001,2002,2003,2004];1
258;0;1995;0
583;0;[1995,1996,1997,1998,1999];1
583;0;2000;0
583;0;2001;0
266;0;1995;0
268;0;1995;0
288;0;1995;0
288;0;2002;0
292;0;[1995,1996,1997,1998,1999];1
292;0;[2000,2001,2002,2003,2004];
312;0;1996;0
312;0;1997;0
312;0;1998;0
312;0;1999;0
312;0;[2000,2001,2002,2003,2004];1
320;0;[1995,1996,1997,1998,1999];
324;0;2003;0
624;0;[1995,1996,1997,1998,1999];1
624;0;2000;0
624;0;2001;0
624;0;2002;0
328;0;1995;0
328;0;1996;0
332;0;1998;0
332;0;1999;0
332;0;[2000,2001,2002,2003,2004];1
336;0;[1995,1996,1997,1998,1999];1
336;0;[2000,2001,2002,2003,2004];1
340;0;[1995,1996,1997,1998,1999];
352;0;[1995,1996,1997,1998,1999];
699;0;[1995,1996,1997,1998,1999];
364;0;1995;0
364;0;1996;0
368;0;[1995,1996,1997,1998,1999];1
368;0;[2000,2001,2002,2003,2004];1
388;0;1995;0
400;0;1996;0
404;0;1995;0
404;0;1996;0
296;0;[2000,2001,2002,2003,2004];1
414;0;[1995,1996,1997,1998,1999];1
417;0;1997;0
417;0;1998;0
417;0;1999;0
418;0;[1995,1996,1997,1998,1999];1
418;0;[2000,2001,2002,2003,2004];1
422;0;1995;0
422;0;1996;0
426;0;[1995,1996,1997,1998,1999];1
430;0;[1995,1996,1997,1998,1999];1
430;0;[2000,2001,2002,2003,2004];1
434;0;[1995,1996,1997,1998,1999];1
434;0;[2000,2001,2002,2003,2004];1
466;0;1995;0
584;0;[1995,1996,1997,1998,1999];1
584;0;[2000,2001,2002,2003,2004];1
474;0;1996;0
474;0;1997;0
474;0;1998;0
474;0;1999;0
474;0;[2000,2001,2002,2003,2004];1
478;0;[1995,1996,1997,1998,1999];1
175;0;[1995,1996,1997,1998,1999];1
496;0;1995;0
499;0;[1995,1996,1997,1998,1999];1
499;0;[2000,2001,2002,2003,2004];1
500;0;1995;0
500;0;1996;0
500;0;1997;0
500;0;1998;0
508;0;1998;0
104;0;[1995,1996,1997,1998,1999];1
104;0;[2000,2001,2002,2003,2004];1
580;0;[1995,1996,1997,1998,1999];1
580;0;[2000,2001,2002,2003,2004];1
516;0;[1995,1996,1997,1998,1999];1
524;0;1995;0
524;0;1996;0
524;0;1997;0
524;0;2001;0
524;0;2002;0
524;0;2004;0
530;0;1995;0
530;0;1996;0
530;0;1997;0
530;0;1999;0
530;0;[2000,2001,2002,2003,2004];1
532;0;[1995,1996,1997,1998,1999];1
532;0;[2000,2001,2002,2003,2004];
540;0;1995;0
540;0;1996;0
540;0;1997;0
540;0;1998;0
566;0;1995;0
566;0;2004;0
490;0;1995;0
490;0;1996;0
586;0;[1995,1996,1997,1998,1999];1
586;0;2000;0
586;0;2001;0
586;0;2002;0
585;0;[1995,1996,1997,1998,1999];1
585;0;[2000,2001,2002,2003,2004];1
598;0;1995;0
598;0;1996;0
598;0;1997;0
598;0;1999;0
459;0;[1995,1996,1997,1998,1999];1
459;0;[2000,2001,2002,2003,2004];1
608;0;1995;0
634;0;[1995,1996,1997,1998,1999];1
638;0;1996;0
638;0;1997;0
638;0;1998;0
638;0;1999;0
638;0;[2000,2001,2002,2003,2004];1
643;0;1995;0
646;0;1995;0
646;0;2000;0
647;0;[1995,1996,1997,1998,1999];1
647;0;[2000,2001,2002,2003,2004];1
461;0;[1995,1996,1997,1998,1999];1
461;0;[2000,2001,2002,2003,2004];1
654;0;[1995,1996,1997,1998,1999];1
654;0;[2000,2001,2002,2003,2004];1
659;0;1998;0
658;0;[1995,1996,1997,1998,1999];1
658;0;[2000,2001,2002,2003,2004];1
534;0;[1995,1996,1997,1998,1999];1
534;0;[2000,2001,2002,2003,2004];1
666;0;[1995,1996,1997,1998,1999];1
666;0;[2000,2001,2002,2003,2004];
882;0;[1995,1996,1997,1998,1999];1
882;0;2000;0
674;0;[1995,1996,1997,1998,1999];1
674;0;[2000,2001,2002,2003,2004];1
678;0;1995;0
678;0;1996;0
678;0;1997;0
678;0;1998;0
457;0;[1995,1996,1997,1998,1999];1
457;0;[2000,2001,2002,2003,2004];1
682;0;1997;0
686;0;1995;0
688;0;[1995,1996,1997,1998,1999];1
688;0;[2000,2001,2002,2003,2004];1
891;0;1995;0
891;0;2003;0
694;0;[1995,1996,1997,1998,1999];1
694;0;2001;0
694;0;2003;0
694;0;2004;0
711;0;[2000,2001,2002,2003,2004];1
90;0;[1995,1996,1997,1998,1999];1
90;0;2000;0
90;0;2001;0
706;0;[1995,1996,1997,1998,1999];1
706;0;[2000,2001,2002,2003,2004];1
710;0;[1995,1996,1997,1998,1999];1
728;0;[1995,1996,1997,1998,1999];1
728;0;[2000,2001,2002,2003,2004];1
144;0;1995;0
144;0;1996;0
144;0;1997;0
144;0;1998;0
275;0;[1995,1996,1997,1998,1999];1
275;0;[2000,2001,2002,2003,2004];1
729;0;[1995,1996,1997,1998,1999];1
729;0;[2000,2001,2002,2003,2004];1
740;0;1997;0
740;0;1998;0
748;0;[1995,1996,1997,1998,1999];1
760;0;[1995,1996,1997,1998,1999];1
760;0;2000;0
762;0;[1995,1996,1997,1998,1999];1
762;0;2001;0
762;0;2002;0
762;0;2003;0
762;0;2004;0
626;0;[1995,1996,1997,1998,1999];1
626;0;2000;0
626;0;2001;0
626;0;2002;0
626;0;2003;0
772;0;[1995,1996,1997,1998,1999];1
772;0;[2000,2001,2002,2003,2004];1
776;0;[1995,1996,1997,1998,1999];1
795;0;1995;0
795;0;1996;0
795;0;2001;0
795;0;2002;0
795;0;2003;0
795;0;2004;0
796;0;1995;0
796;0;1996;0
796;0;1997;0
796;0;1998;0
798;0;[1995,1996,1997,1998,1999];1
798;0;2000;0
798;0;2001;0
804;0;1995;0
784;0;1995;0
784;0;1996;0
784;0;1997;0
784;0;1998;0
834;0;1995;0
834;0;1996;0
850;0;[1995,1996,1997,1998,1999];1
850;0;[2000,2001,2002,2003,2004];1
860;0;[1995,1996,1997,1998,1999];1
860;0;[2000,2001,2002,2003,2004];1
548;0;[1995,1996,1997,1998,1999];1
548;0;2001;0
548;0;2002;0
548;0;2003;0
548;0;2004;0
704;0;[1995,1996,1997,1998,1999];1
876;0;[1995,1996,1997,1998,1999];1
876;0;[2000,2001,2002,2003,2004];1
887;0;[1995,1996,1997,1998,1999];1
887;0;2000;0
887;0;2001;0
887;0;2002;0
887;0;2003;0
894;0;[2000,2001,2002,2003,2004];
716;0;1996;0
716;0;1997;0
716;0;1998;0
716;0;1999;0
716;0;2003;0
4;0;[1995,1996,1997,1998,1999];1
4;0;[2000,2001,2002,2003,2004];1
8;0;1995;0
24;0;[1995,1996,1997,1998,1999];1
24;0;[2000,2001,2002,2003,2004];1
660;0;[1995,1996,1997,1998,1999];1
28;0;1995;0
28;0;1996;0
28;0;1997;0
28;0;1998;0
28;0;2001;0
28;0;2002;0
28;0;2003;0
28;0;2004;0
51;0;1995;0
51;0;1996;0
51;0;1998;0
533;0;[1995,1996,1997,1998,1999];1
31;0;1995;0
44;0;1995;0
44;0;1996;0
48;0;[1995,1996,1997,1998,1999];1
50;0;1999;0
52;0;1995;0
52;0;1996;0
112;0;1995;0
112;0;1996;0
112;0;1997;0
204;0;1995;0
204;0;1996;0
204;0;1997;0
60;0;1996;0
60;0;1997;0
60;0;1998;0
60;0;1999;0
60;0;[2000,2001,2002,2003,2004];1
64;0;1995;0
64;0;1996;0
64;0;1997;0
64;0;[2000,2001,2002,2003,2004];1
535;0;[1995,1996,1997,1998,1999];1
535;0;[2000,2001,2002,2003,2004];1
70;0;[1995,1996,1997,1998,1999];1
70;0;2000;0
70;0;2001;0
70;0;2002;0
72;0;[1995,1996,1997,1998,1999];1
92;0;[1995,1996,1997,1998,1999];1
92;0;[2000,2001,2002,2003,2004];1
96;0;1995;0
96;0;1996;0
96;0;1999;0
96;0;2000;0
132;0;1995;0
132;0;1996;0
116;0;[1995,1996,1997,1998,1999];1
120;0;1998;0
120;0;1999;0
136;0;[1995,1996,1997,1998,1999];1
136;0;[2000,2001,2002,2003,2004];1
148;0;[1995,1996,1997,1998,1999];1
148;0;[2000,2001,2002,2003,2004];1
178;0;1996;0
178;0;1997;0
178;0;1998;0
178;0;1999;0
178;0;[2000,2001,2002,2003,2004];1
184;0;[1995,1996,1997,1998,1999];1
192;0;1995;0
192;0;1996;0
192;0;1997;0
192;0;1998;0
531;0;[1995,1996,1997,1998,1999];1
531;0;[2000,2001,2002,2003,2004];1
408;0;[1995,1996,1997,1998,1999];1
408;0;[2000,2001,2002,2003,2004];1
180;0;[1995,1996,1997,1998,1999];1
180;0;[2000,2001,2002,2003,2004];1
262;0;[1995,1996,1997,1998,1999];1
262;0;[2000,2001,2002,2003,2004];1
212;0;1998;0
214;0;1995;0
214;0;1998;0
214;0;1999;0
214;0;2000;0
588;0;[1995,1996,1997,1998,1999];1
588;0;[2000,2001,2002,2003,2004];1
218;0;1997;0
222;0;1997;0
226;0;[1995,1996,1997,1998,1999];1
226;0;[2000,2001,2002,2003,2004];1
232;0;[1995,1996,1997,1998,1999];1
232;0;2000;0
232;0;2001;0
232;0;2002;0
232;0;2004;0
231;0;1996;0
234;0;1995;0
238;0;[1995,1996,1997,1998,1999];1
238;0;[2000,2001,2002,2003,2004];1
242;0;[1995,1996,1997,1998,1999];1
254;0;1996;0
254;0;1997;0
254;0;1998;0
254;0;1999;0
254;0;[2000,2001,2002,2003,2004];1
258;0;1995;0
583;0;[1995,1996,1997,1998,1999];1
583;0;2000;0
583;0;2001;0
266;0;1995;0
268;0;1995;0
288;0;1995;0
288;0;2002;0
292;0;[1995,1996,1997,1998,1999];1
292;0;[2000,2001,2002,2003,2004];1
312;0;1996;0
312;0;1997;0
312;0;1998;0
312;0;1999;0
312;0;[2000,2001,2002,2003,2004];1
324;0;2003;0
624;0;[1995,1996,1997,1998,1999];1
624;0;2000;0
624;0;2001;0
624;0;2002;0
328;0;1995;0
328;0;1996;0
332;0;1998;0
332;0;1999;0
332;0;[2000,2001,2002,2003,2004];1
336;0;[1995,1996,1997,1998,1999];1
336;0;[2000,2001,2002,2003,2004];1
364;0;[1995,1996,1997,1998,1999];1
368;0;[1995,1996,1997,1998,1999];
nan;0;[1995,1996,1997,1998,1999]
nan;0;[2000,2001,2002,2003,2004]
96;0;1995;0
96;0;1996;0
96;0;1999;0
96;0;2000;0
4;0;[1995,1996,1997,1998,1999];1
4;0;[2000,2001,2002,2003,2004];1
8;0;1995;0
408;0;[1995,1996,1997,1998,1999];1
408;0;[2000,2001,2002,2003,2004];1
292;0;[1995,1996,1997,1998,1999];1
292;0;[2000,2001,2002,2003,2004];1
532;0;[1995,1996,1997,1998,1999];1
532;0;[2000,2001,2002,2003,2004];1
666;0;[1995,1996,1997,1998,1999];1
666;0;[2000,2001,2002,2003,2004];1
368;0;[1995,1996,1997,1998,1999];1
368;0;[2000,2001,2002,2003,2004];1
56,0,1995,1
56,0,1996,1
56;0;1995;0
56;0;1996;0
56;0;1997;0
56;0;1998;0
100;0;1995;0
203;0;1997;0
208;0;1997;0
442;0;1995;0
442;0;1996;0
442;0;1997;0
442;0;1998;0
710;0;[1995,1996,1997,1998,1999];1
586;0;[1995,1996,1997,1998,1999];1
586;0;2000;0
586;0;2001;0
586;0;2002;0
4;0;2005;0
4;0;2006;0
4;0;2007;0
674;0;[2005,2006,2007,2008,2009];1
674;0;[2010,2011,2012,2013,2014];1
674;0;[2015,2016,2017,2018];1
678;0;2018;0
457;0;[2005,2006,2007,2008,2009];1
457;0;[2010,2011,2012,2013,2014];1
457;0;[2015,2016,2017,2018];1
682;0;2017;0
682;0;2018;0
686;0;2018;0
686;0;2018;0
891;0;[2005,2006,2007,2008,2009];1
891;0;[2010,2011,2012,2013,2014];1
891;0;[2015,2016,2017,2018];1
690;0;2009;0
690;0;2018;0
694;0;[2005,2006,2007,2008,2009];1
694;0;2010;0
694;0;2011;0
694;0;2012;0
694;0;2013;0
694;0;2018;0
702;0;2018;0
711;0;[2005,2006,2007,2008,2009];1
711;0;[2010,2011,2012,2013,2014];1
711;0;[2015,2016,2017,2018];1
90;0;2018;0
706;0;[2005,2006,2007,2008,2009];1
706;0;[2010,2011,2012,2013,2014];1
706;0;[2015,2016,2017,2018];1
710;0;2018;0
728;0;[2005,2006,2007,2008,2009];1
728;0;[2010,2011,2012,2013,2014];1
728;0;[2015,2016,2017,2018];1
144;0;2018;0
275;0;2005;0
275;0;2006;0
275;0;2017;0
275;0;2018;0
729;0;[2005,2006,2007,2008,2009];1
729;0;2010;0
729;0;2011;0
729;0;2013;0
729;0;2014;0
729;0;2016;0
729;0;2018;0
740;0;2015;0
740;0;2018;0
748;0;2008;0
748;0;2009;0
748;0;2010;0
748;0;2011;0
748;0;2012;0
748;0;2018;0
760;0;2011;0
760;0;2012;0
760;0;2013;0
760;0;2014;0
760;0;[2015,2016,2017,2018];1
762;0;[2005,2006,2007,2008,2009];1
762;0;[2010,2011,2012,2013,2014];1
762;0;[2015,2016,2017,2018];1
807;0;2008;0
764;0;[2015,2016,2017,2018]
891;0;[2005,2006,2007,2008,2009];1
891;0;[2010,2011,2012,2013,2014];1
891;0;[2015,2016,2017];1
690;0;2009;0
694;0;[2005,2006,2007,2008,2009];1
694;0;2010;0
694;0;2011;0
694;0;2012;0
694;0;2013;0
711;0;[2005,2006,2007,2008,2009];1
711;0;[2010,2011,2012,2013,2014];1
711;0;[2015,2016,2017];1
706;0;[2005,2006,2007,2008,2009];1
706;0;[2010,2011,2012,2013,2014];1
706;0;[2015,2016,2017];1
728;0;[2005,2006,2007,2008,2009];1
728;0;[2010,2011,2012,2013,2014];1
728;0;[2015,2016,2017];1
275;0;2005;0
275;0;2006;0
275;0;2017;0
729;0;[2005,2006,2007,2008,2009];1
729;0;2010;0
729;0;2011;0
729;0;2013;0
729;0;2014;0
729;0;2016;0
740;0;2015;0
748;0;2008;0
748;0;2009;0
748;0;2010;0
748;0;2011;0
748;0;2012;0
760;0;2011;0
760;0;2012;0
760;0;2013;0
760;0;2014;0
760;0;[2015,2016,2017];1
762;0;[2005,2006,2007,2008,2009];1
762;0;[2010,2011,2012,2013,2014];1
762;0;[2015,2016,2017];1
807;0;2008;0
764;0;2017;0
626;0;2006;0
626;0;2007;0
626;0;2008;0
626;0;2009;0
626;0;2010;0
626;0;2011;0
626;0;2012;0
626;0;2014;0
626;0;2015;0
626;0;2016;0
626;0;2018;0
768;0;2006;0
768;0;2018;0
772;0;[2005,2006,2007,2008,2009];1
772;0;[2010,2011,2012,2013,2014];1
772;0;[2015,2016,2017,2018];1
776;0;[2015,2016,2017,2018];1
780;0;2016;0
780;0;2017;0
780;0;2018;0
788;0;[2015,2016,2017,2018]
792;0;[2015,2016,2017,2018];1
795;0;[2005,2006,2007,2008,2009];1
795;0;[2010,2011,2012,2013,2014];1
795;0;[2015,2016,2017,2018];1
796;0;2010;0
796;0;2013;0
796;0;2014;0
796;0;[2015,2016,2017,2018];1
768;0;2006;0
772;0;[2005,2006,2007,2008,2009];1
772;0;[2010,2011,2012,2013,2014];1
772;0;[2015,2016,2017];1
776;0;[2015,2016,2017];1
780;0;2016;0
780;0;2017;0
795;0;[2005,2006,2007,2008,2009];1
795;0;[2010,2011,2012,2013,2014];1
795;0;[2015,2016,2017];1
796;0;2010;0
796;0;2013;0
796;0;2014;0
796;0;[2015,2016,2017];1
798;0;2006;0
798;0;2007;0
798;0;2008;0
798;0;2009;0
798;0;[2010,2011,2012,2013,2014];1
798;0;[2015,2016,2017,2018];1
800;0;[2015,2016,2017,2018];1
804;0;[2010,2011,2012,2013,2014]
804;0;[2015,2016,2017,2018];1
784;0;[2015,2016,2017,2018];1
834;0;[2015,2016,2017,2018];1
858;0;[2015,2016,2017,2018];1
850;0;[2005,2006,2007,2008,2009];1
850;0;[2010,2011,2012,2013,2014];1
850;0;[2015,2016,2017,2018];1
842;0;2018;0
860;0;[2005,2006,2007,2008,2009];1
860;0;[2010,2011,2012,2013,2014];1
860;0;[2015,2016,2017,2018];1
548;0;2005;0
548;0;2008;0
548;0;2012;0
548;0;2013;0
548;0;2014;0
548;0;[2015,2016,2017,2018];1
862;0;2007;0
862;0;2014;0
862;0;[2015,2016,2017,2018];1
704;0;2018;0
876;0;[2005,2006,2007,2008,2009];1
876;0;[2010,2011,2012,2013,2014];1
876;0;[2015,2016,2017,2018];1
887;0;2016;0
887;0;2017;0
887;0;2018;0
894;0;2016;0
4;0;2005;0
4;0;2006;0
4;0;2007;0
4;0;2017;0
4;0;2018;0
8;0;2018;0
12;0;2018;0
20;0;[2015,2016,2017,2018];1
24;0;2005;0
24;0;2006;0
24;0;2008;0
24;0;2016;0
24;0;2017;0
24;0;2018;0
660;0;2005;0
660;0;2009;0
660;0;[2010,2011,2012,2013,2014];1
660;0;[2015,2016,2017,2018];1
28;0;2006;0
28;0;2008;0
28;0;2018;0
798;0;[2015,2016,2017];1
784;0;2017;0
834;0;[2005,2006,2007,2008,2009];1
834;0;[2010,2011,2012,2013,2014]
686;0;[2015,2016,2017,2018];1
891;0;[2005,2006,2007,2008,2009]
470;0;[2017,2018];1
4;0;2005;0
4;0;2006;0
4;0;2007;0
4;0;2017;0
20;0;[2015,2016,2017];1
24;0;2005;0
24;0;2006;0
24;0;2008;0
24;0;2016;0
24;0;2017;0
660;0;2005;0
660;0;2009;0
660;0;[2010,2011,2012,2013,2014];1
660;0;[2015,2016,2017];1
28;0;2006;0
28;0;2008;0
4;0;2005;0
4;0;2006;0
4;0;2007;0
4;0;2017;0
20;0;[2015,2016,2017];1
24;0;2005;0
24;0;2006;0
24;0;2008;0
24;0;2016;0
24;0;2017;0
660;0;2005;0
660;0;2009;0
660;0;[2010,2011,2012,2013,2014];1
660;0;[2015,2016,2017];1
28;0;2006;0
28;0;2008;0
44;0;2016;0
44;0;2017;0
48;0;2017;0
50;0;2014;0
50;0;2016;0
50;0;2017;0
60;0;[2005,2006,2007,2008,2009];1
60;0;2010;0
60;0;2011;0
64;0;2013;0
64;0;2014;0
64;0;[2015,2016,2017];1
535;0;[2005,2006,2007,2008,2009];1
535;0;[2010,2011,2012,2013,2014];1
535;0;[2015,2016,2017];1
92;0;[2005,2006,2007,2008,2009];1
92;0;[2010,2011,2012,2013,2014];1
92;0;[2015,2016,2017];1
96;0;2005;0
854;0;2006;0
132;0;2008;0
116;0;2017;0
136;0;[2005,2006,2007,2008,2009];1
136;0;[2010,2011,2012,2013,2014];1
136;0;[2015,2016,2017];1
148;0;[2005,2006,2007,2008,2009];1
148;0;[2010,2011,2012,2013,2014];1
148;0;[2015,2016,2017];1
446;0;2013;0
446;0;2017;0
174;0;2014;0
174;0;[2015,2016,2017];1
178;0;2005;0
178;0;2006;0
178;0;2015;0
178;0;2016;0
184;0;2006;0
184;0;2007;0
184;0;2012;0
184;0;2013;0
184;0;2014;0
184;0;[2015,2016,2017];1
192;0;2007;0
192;0;2008;0
192;0;2009;0
192;0;[2010,2011,2012,2013,2014];1
192;0;[2015,2016,2017];1
531;0;[2005,2006,2007,2008,2009];1
531;0;[2010,2011,2012,2013,2014];1
531;0;[2015,2016,2017];1
408;0;[2005,2006,2007,2008,2009];1
408;0;[2010,2011,2012,2013,2014];1
408;0;[2015,2016,2017];1
180;0;[2005,2006,2007,2008,2009];1
180;0;[2010,2011,2012,2013,2014];1
180;0;[2015,2016,2017];1
262;0;2005;0
262;0;2006;0
262;0;2007;0
262;0;2008;0
262;0;[2010,2011,2012,2013,2014];1
262;0;[2015,2016,2017];1
212;0;2011;0
212;0;2013;0
212;0;2014;0
212;0;[2015,2016,2017];1
588;0;[2005,2006,2007,2008,2009];1
588;0;[2010,2011,2012,2013,2014];1
4;0;2005;0
4;0;2006;0
4;0;2007;0
4;0;2017;0
20;0;[2015,2016,2017];1
24;0;2005;0
24;0;2006;0
24;0;2008;0
24;0;2016;0
24;0;2017;0
660;0;2005;0
660;0;2009;0
660;0;[2010,2011,2012,2013,2014]
4;0;2005;0
4;0;2006;0
4;0;2007;0
4;0;2017;0
20;0;[2015,2016,2017];1
24;0;2005;0
24;0;2006;0
24;0;2008;0
24;0;2016;0
24;0;2017;0
660;0;2005;0
660;0;2009;0
660;0;[2010,2011,2012,2013,2014];1
660;0;[2015,2016,2017];1
28;0;2006;0
28;0;2008;0
44;0;2016;0
44;0;2017;0
48;0;2017;0
50;0;2014;0
50;0;2016;0
50;0;2017;0
60;0;[2005,2006,2007,2008,2009];1
60;0;2010;0
60;0;2011;0
64;0;2013;0
64;0;2014;0
64;0;[2015,2016,2017];1
535;0;[2005,2006,2007,2008,2009];1
535;0;[2010,2011,2012,2013,2014];1
535;0;[2015,2016,2017];1
92;0;[2005,2006,2007,2008,2009];1
92;0;[2010,2011,2012,2013,2014];1
92;0;[2015,2016,2017];1
96;0;2005;0
854;0;2006;0
132;0;2008;0
116;0;2017;0
136;0;[2005,2006,2007,2008,2009];1
136;0;[2010,2011,2012,2013,2014];1
136;0;[2015,2016,2017];1
148;0;[2005,2006,2007,2008,2009];1
148;0;[2010,2011,2012,2013,2014];1
148;0;[2015,2016,2017];1
446;0;2013;0
446;0;2017;0
174;0;2014;0
174;0;[2015,2016,2017];1
178;0;2005;0
178;0;2006;0
178;0;2015;0
178;0;2016;0
184;0;2006;0
184;0;2007;0
184;0;2012;0
184;0;2013;0
184;0;2014;0
184;0;[2015,2016,2017];1
192;0;2007;0
192;0;2008;0
192;0;2009;0
192;0;[2010,2011,2012,2013,2014];1
192;0;[2015,2016,2017];1
531;0;[2005,2006,2007,2008,2009];1
531;0;[2010,2011,2012,2013,2014];1
531;0;[2015,2016,2017];1
408;0;[2005,2006,2007,2008,2009];1
408;0;[2010,2011,2012,2013,2014];1
408;0;[2015,2016,2017];1
180;0;[2005,2006,2007,2008,2009];1
180;0;[2010,2011,2012,2013,2014];1
180;0;[2015,2016,2017];1
262;0;2005;0
262;0;2006;0
262;0;2007;0
262;0;2008;0
262;0;[2010,2011,2012,2013,2014];1
262;0;[2015,2016,2017];1
212;0;2011;0
212;0;2013;0
212;0;2014;0
212;0;[2015,2016,2017];1
588;0;[2005,2006,2007,2008,2009];1
588;0;[2010,2011,2012,2013,2014];1
588;0;[2015,2016,2017];1
226;0;[2005,2006,2007,2008,2009];1
226;0;[2010,2011,2012,2013,2014];1
226;0;[2015,2016,2017];1
232;0;[2005,2006,2007,2008,2009];1
232;0;[2010,2011,2012,2013,2014];1
232;0;[2015,2016,2017];1
231;0;2017;0
234;0;[2010,2011,2012,2013,2014];1
234;0;[2015,2016,2017];1
238;0;[2005,2006,2007,2008,2009];1
238;0;[2010,2011,2012,2013,2014];1
238;0;[2015,2016,2017];1
254;0;[2005,2006,2007,2008,2009]
254;0;[2005,2006,2007,2008,2009];1
254;0;[2010,2011,2012,2013,2014];1
254;0;[2015,2016,2017];1
258;0;2016;0
258;0;2017;0
583;0;2014;0
583;0;[2015,2016,2017];1
266;0;[2010,2011,2012,2013,2014];1
266;0;[2015,2016,2017];1
288;0;2014;0
288;0;2015;0
292;0;[2005,2006,2007,2008,2009];1
292;0;[2010,2011,2012,2013,2014];1
292;0;[2015,2016,2017];1
304;0;2017;0
308;0;2009;0
308;0;[2010,2011,2012,2013,2014];1
308;0;[2015,2016,2017];1
312;0;[2005,2006,2007,2008,2009];1
312;0;[2010,2011,2012,2013,2014];1
312;0;[2015,2016,2017];1
324;0;2009;0
324;0;2010;0
324;0;2011;0
324;0;2012;0
324;0;2016;0
324;0;2017;0
624;0;2006;0
624;0;2007;0
624;0;2008;0
624;0;2009;0
624;0;[2010,2011,2012,2013,2014];1
624;0;[2015,2016,2017];1
332;0;[2005,2006,2007,2008,2009];1
332;0;[2010,2011,2012,2013,2014];1
332;0;[2015,2016,2017];1
336;0;[2005,2006,2007,2008,2009];1
336;0;[2010,2011,2012,2013,2014];1
336;0;[2015,2016,2017];1
340;0;2008;0
340;0;2013;0
364;0;2007;0
364;0;2008;0
364;0;2009;0
364;0;[2010,2011,2012,2013,2014]
364;0;2015;0
368;0;[2005,2006,2007,2008,2009];1
368;0;2017;0
404;0;2011;0
404;0;2012;0
404;0;2014;0
404;0;2015;0
404;0;2016;0
296;0;2006;0
296;0;[2015,2016,2017]
4;0;[2005,2006,2007,2008,2009]
4;0;2005;0
4;0;2006;0
4;0;2007;0
4;0;2017;0
466;0;2009;0
466;0;2013;0
466;0;2014;0
466;0;2015;0
584;0;[2005,2006,2007,2008,2009];1
584;0;[2010,2011,2012,2013,2014];1
584;0;[2015,2016,2017];1
474;0;[2005,2006,2007,2008,2009];1
474;0;[2010,2011,2012,2013,2014];1
474;0;[2015,2016,2017];1
478;0;2006;0
478;0;2015;0
175;0;[2010,2011,2012,2013,2014];1
175;0;[2015,2016,2017];1
496;0;2008;0
496;0;2009;0
496;0;2010;0
496;0;2011;0
496;0;2012;0
499;0;2005;0
500;0;2011;0
500;0;[2015,2016,2017];1
104;0;[2005,2006,2007,2008,2009];1
580;0;[2005,2006,2007,2008,2009];1
580;0;[2010,2011,2012,2013,2014];1
580;0;[2015,2016,2017];1
524;0;2005;0
524;0;2006;0
524;0;2007;0
524;0;2008;0
530;0;2009;0
530;0;[2010,2011,2012,2013,2014];1
530;0;[2015,2016,2017];1
532;0;[2005,2006,2007,2008,2009];1
532;0;[2010,2011,2012,2013,2014];1
532;0;[2015,2016,2017];1
540;0;2016;0
540;0;2017;0
562;0;2017;0
566;0;2005;0
566;0;2015;0
585;0;[2005,2006,2007,2008,2009];1
585;0;2010;0
585;0;2011;0
585;0;2013;0
591;0;2017;0
598;0;[2005,2006,2007,2008,2009];1
598;0;2010;0
598;0;2013;0
598;0;2014;0
598;0;[2015,2016,2017];1
459;0;[2005,2006,2007,2008,2009];1
459;0;[2010,2011,2012,2013,2014];1
459;0;[2015,2016,2017];1
634;0;2017;0
638;0;[2005,2006,2007,2008,2009];1
638;0;[2010,2011,2012,2013,2014];1
638;0;[2015,2016,2017];1
646;0;2017;0
647;0;[2005,2006,2007,2008,2009];1
647;0;[2010,2011,2012,2013,2014];1
647;0;[2015,2016,2017];1
461;0;[2005,2006,2007,2008,2009];1
461;0;[2010,2011,2012,2013,2014];1
461;0;[2015,2016,2017];1
654;0;[2005,2006,2007,2008,2009];1
654;0;[2010,2011,2012,2013,2014];1
654;0;[2015,2016,2017];1
658;0;[2005,2006,2007,2008,2009];1
658;0;[2010,2011,2012,2013,2014];1
658;0;[2015,2016,2017];1
534;0;[2005,2006,2007,2008,2009];1
534;0;[2010,2011,2012,2013,2014];1
534;0;[2015,2016,2017];1
666;0;[2005,2006,2007,2008,2009];1
666;0;[2010,2011,2012,2013,2014];1
666;0;[2015,2016,2017];1
674;0;[2005,2006,2007,2008,2009];1
674;0;[2010,2011,2012,2013,2014];1
674;0;[2015,2016,2017];1
457;0;[2005,2006,2007,2008,2009];1
457;0;[2010,2011,2012,2013,2014];1
457;0;[2015,2016,2017];1
682;0;2017;0
891;0;[2005,2006,2007,2008,2009];1
891;0;[2010,2011,2012,2013,2014];1
891;0;[2015,2016,2017];1
690;0;2009;0
694;0;[2005,2006,2007,2008,2009];1
694;0;2010;0
694;0;2011;0
694;0;2012;0
694;0;2013;0
711;0;[2005,2006,2007,2008,2009];1
711;0;[2010,2011,2012,2013,2014];1
711;0;[2015,2016,2017];1
706;0;[2005,2006,2007,2008,2009];1
706;0;[2010,2011,2012,2013,2014];1
706;0;[2015,2016,2017];1
728;0;[2005,2006,2007,2008,2009];1
728;0;[2010,2011,2012,2013,2014];1
728;0;[2015,2016,2017];1
275;0;2005;0
275;0;2006;0
275;0;2017;0
729;0;[2005,2006,2007,2008,2009];1
729;0;2010;0
729;0;2011;0
729;0;2013;0
729;0;2014;0
729;0;2016;0
740;0;2015;0
748;0;2008;0
748;0;2009;0
748;0;[2010,2011,2012,2013,2014]
760;0;[2010,2011,2012,2013,2014]
466;0;[2005,2006,2007,2008,2009]
466;0;2009;0
466;0;2013;0
466;0;2014;0
466;0;2015;0
584;0;[2005,2006,2007,2008,2009];1
584;0;[2010,2011,2012,2013,2014];1
584;0;[2015,2016,2017];1
474;0;[2005,2006,2007,2008,2009];1
474;0;[2010,2011,2012,2013,2014];1
474;0;[2015,2016,2017];1
478;0;2006;0
478;0;2015;0
175;0;[2010,2011,2012,2013,2014];1
175;0;[2015,2016,2017];1
496;0;2008;0
496;0;2009;0
496;0;2010;0
496;0;2011;0
496;0;2012;0
499;0;2005;0
500;0;2011;0
500;0;[2015,2016,2017];1
104;0;[2005,2006,2007,2008,2009];1
580;0;[2005,2006,2007,2008,2009];1
580;0;[2010,2011,2012,2013,2014];1
580;0;[2015,2016,2017];1
524;0;2005;0
524;0;2006;0
524;0;2007;0
524;0;2008;0
530;0;2009;0
530;0;[2010,2011,2012,2013,2014];1
530;0;[2015,2016,2017];1
532;0;[2005,2006,2007,2008,2009];1
532;0;[2010,2011,2012,2013,2014];1
532;0;[2015,2016,2017];1
540;0;2016;0
540;0;2017;0
562;0;2017;0
566;0;2005;0
566;0;2015;0
585;0;[2005,2006,2007,2008,2009];1
585;0;2010;0
585;0;2011;0
585;0;2013;0
591;0;2017;0
598;0;[2005,2006,2007,2008,2009];1
598;0;2010;0
598;0;2013;0
598;0;2014;0
598;0;[2015,2016,2017];1
459;0;[2005,2006,2007,2008,2009];1
459;0;[2010,2011,2012,2013,2014];1
459;0;[2015,2016,2017];1
634;0;2017;0
638;0;[2005,2006,2007,2008,2009];1
638;0;[2010,2011,2012,2013,2014];1
638;0;[2015,2016,2017];1
646;0;2017;0
647;0;[2005,2006,2007,2008,2009];1
647;0;[2010,2011,2012,2013,2014];1
647;0;[2015,2016,2017];1
461;0;[2005,2006,2007,2008,2009];1
461;0;[2010,2011,2012,2013,2014];1
461;0;[2015,2016,2017];1
654;0;[2005,2006,2007,2008,2009];1
654;0;[2010,2011,2012,2013,2014];1
654;0;[2015,2016,2017];1
658;0;[2005,2006,2007,2008,2009];1
658;0;[2010,2011,2012,2013,2014];1
658;0;[2015,2016,2017];1
534;0;[2005,2006,2007,2008,2009];1
534;0;[2010,2011,2012,2013,2014];1
534;0;[2015,2016,2017];1
666;0;[2005,2006,2007,2008,2009];1
666;0;[2010,2011,2012,2013,2014];1
666;0;[2015,2016,2017];1
674;0;[2005,2006,2007,2008,2009];1
674;0;[2010,2011,2012,2013,2014];1
674;0;[2015,2016,2017];1
457;0;[2005,2006,2007,2008,2009];1
457;0;[2010,2011,2012,2013,2014];1
457;0;[2015,2016,2017];1
682;0;2017;0
891;0;[2005,2006,2007,2008,2009];1
891;0;[2010,2011,2012,2013,2014];1
891;0;[2015,2016,2017];1
690;0;2009;0
694;0;[2005,2006,2007,2008,2009];1
694;0;2010;0
694;0;2011;0
694;0;2012;0
694;0;2013;0
711;0;[2005,2006,2007,2008,2009];1
711;0;[2010,2011,2012,2013,2014];1
711;0;[2015,2016,2017];1
706;0;[2005,2006,2007,2008,2009];1
706;0;[2010,2011,2012,2013,2014];1
706;0;[2015,2016,2017];1
728;0;[2005,2006,2007,2008,2009];1
728;0;[2010,2011,2012,2013,2014];1
728;0;[2015,2016,2017];1
275;0;2005;0
275;0;2006;0
275;0;2017;0
729;0;[2005,2006,2007,2008,2009];1
729;0;2010;0
729;0;2011;0
729;0;2013;0
729;0;2014;0
729;0;2016;0
740;0;2015;0
748;0;2008;0
748;0;2009;0
748;0;[2010,2011,2012,2013,2014]
760;0;2011;0
760;0;2012;0
760;0;2013;0
760;0;2014;0
760;0;[2015,2016,2017];1
762;0;[2005,2006,2007,2008,2009];1
762;0;[2010,2011,2012,2013,2014];1
762;0;[2015,2016,2017];1
807;0;2008;0
764;0;[2015,2016,2017]
275;0;[2014,2015,2016,2017]
275;0;[2014,2015,2016,2017]
275;0;[2014,2015,2016,2017];1
729;0;[1999,2000,2001,2002,2003];1
729;0;[2004,2005,2006,2007,2008];1
729;0;2009;0
729;0;2010;0
729;0;2011;0
729;0;2013;0
729;0;[2014,2015,2016,2017];1
740;0;[2014,2015,2016,2017];1
748;0;1999;0
748;0;[2004,2005,2006,2007,2008];1
748;0;[2009,2010,2011,2012,2013];1
760;0;[1999,2000,2001,2002,2003]
760;0;1999;0
760;0;2000;0
760;0;2011;0
760;0;2012;0
760;0;2013;0
760;0;[2014,2015,2016,2017];1
762;0;1999;0
762;0;2001;0
762;0;2002;0
762;0;2003;0
762;0;[2004,2005,2006,2007,2008];1
762;0;[2009,2010,2011,2012,2013];1
762;0;[2014,2015,2016,2017];1
807;0;2008;0
764;0;[2014,2015,2016,2017];1
626;0;[1999,2000,2001,2002,2003];1
626;0;2006;0
626;0;2007;0
626;0;2008;0
626;0;2009;0
626;0;2010;0
626;0;2011;0
626;0;2012;0
626;0;2014;0
626;0;2015;0
626;0;2016;0
768;0;2006;0
772;0;[1999,2000,2001,2002,2003];1
772;0;[2004,2005,2006,2007,2008];1
772;0;[2009,2010,2011,2012,2013];1
772;0;[2014,2015,2016,2017];1
776;0;1999;0
776;0;2015;0
776;0;2016;0
776;0;2017;0
780;0;2016;0
780;0;2017;0
795;0;2001;0
795;0;2002;0
795;0;2003;0
795;0;[2004,2005,2006,2007,2008];1
795;0;[2009,2010,2011,2012,2013];1
795;0;[2014,2015,2016,2017];1
796;0;2010;0
796;0;2013;0
796;0;[2014,2015,2016,2017];1
798;0;1999;0
798;0;2000;0
798;0;2001;0
798;0;2006;0
798;0;2007;0
798;0;2008;0
798;0;[2009,2010,2011,2012,2013];1
798;0;[2014,2015,2016,2017];1
784;0;2017;0
850;0;[1999,2000,2001,2002,2003];1
850;0;[2004,2005,2006,2007,2008];1
850;0;[2009,2010,2011,2012,2013];1
850;0;[2014,2015,2016,2017];1
860;0;[1999,2000,2001,2002,2003];1
860;0;[2004,2005,2006,2007,2008];1
860;0;[2009,2010,2011,2012,2013];1
860;0;[2014,2015,2016,2017];1
548;0;1999;0
548;0;2001;0
548;0;2002;0
548;0;2003;0
548;0;2004;0
548;0;2005;0
548;0;2008;0
548;0;2012;0
548;0;2013;0
548;0;[2014,2015,2016,2017];1
862;0;2007;0
862;0;[2014,2015,2016,2017];1
704;0;1999;0
876;0;[1999,2000,2001,2002,2003];1
876;0;[2004,2005,2006,2007,2008];1
876;0;[2009,2010,2011,2012,2013];1
876;0;[2014,2015,2016,2017];1
887;0;[1999,2000,2001,2002,2003];1
887;0;2016;0
887;0;2017;0
894;0;2016;0
716;0;1999;0
716;0;2003;0
