40,0,2001
40,0,2018,1
56,0,1995,1
56,0,1996,1
56,0,1997,1
56,0,1998,1
56,0,2018,1
58,0,1999,1
58,0,2000,1
58,0,2001,1
58,0,2002,1
58,0,2003,1
58,0,2004,1
58,0,2005,1
58,0,2006,1
58,0,2007,1
58,0,2008,1
58,0,2009,1
58,0,2010,1
58,0,2011,1
58,0,2012,1
58,0,2013,1
58,0,2014,1
58,0,2015,1
58,0,2016,1
58,0,2017,1
58,0,2018,1
100,0,1995,1
100,0,2018,1
191,0,2018,1
196,0,2014,1
196,0,2018,1
203,0,1997,1
200,0,1995,1
200,0,1996,1
200,0,1997,1
200,0,1998,1
200,0,1999,1
200,0,2000,1
200,0,2001,1
200,0,2002,1
200,0,2003,1
200,0,2004,1
200,0,2005,1
200,0,2006,1
200,0,2007,1
200,0,2008
200,0,2009,1
200,0,2010,1
200,0,2011,1
200,0,2012,1
200,0,2013,1
200,0,2014,1
200,0,2015,1
200,0,2016,1
200,0,2017,1
200,0,2018,1
208,0,1997,1
208,0,2009
208,0,2014,1
208,0,2015,1
208,0,2016,1
233,0,2014,1
233,0,2015,1
233,0,2016,1
246,0,2005
246,0,2014,1
246,0,2015,1
246,0,2016,1
251,0,2014
251,0,2018,1
276,0,2018,1
300,0,2016,1
348,0,2016,1
348,0,2018,1
372,0,2015,1
372,0,2016,1
381,0,1996
381,0,2016,1
381,0,2018,1
442,0,1995,1
442,0,1996,1
442,0,1997,1
442,0,1998,1
442,0,2018,1
470,0,2002
470,0,2014,1
470,0,2015,1
470,0,2016,1
470,0,2017,1
470,0,2018,1
528,0,2014,1
528,0,2015,1
528,0,2016,1
528,0,2018,1
616,0,2014,1
616,0,2015,1
616,0,2016,1
616,0,2018,1
620,0,2014,1
620,0,2015,1
620,0,2016,1
642,0,2008
642,0,2014,1
642,0,2016,1
703,0,2014,1
703,0,2015,1
703,0,2016,1
703,0,2018,1
705,0,2014,1
705,0,2015,1
705,0,2016,1
705,0,2018,1
724,0,2014,1
724,0,2015,1
724,0,2016,1
724,0,2018,1
826,0,2014
826,0,2015,1
826,0,2016,1
40,0,2018,1
56,0,1995,1
56,0,1996,1
56,0,1997,1
56,0,1998,1
56,0,2018,1
100,0,1995,1
100,0,2001,1
100,0,2002
40,0,2018,1
56,0,1995,1
56,0,1996,1
56,0,1997,1
56,0,1998,1
56,0,2018,1
100,0,1995,1
100,0,2018,1
191,0,2018,1
196,0,2014,1
196,0,2018,1
203,0,1997,1
208,0,1997,1
251,0,2018,1
276,0,2018,1
348,0,2018,1
381,0,2018,1
442,0,1995,1
442,0,1996,1
442,0,1997,1
442,0,1998,1
442,0,2018,1
470,0,2017,1
470,0,2018,1
528,0,2018,1
616,0,2018
40,0,2018,1
56,0,1995,1
56,0,1996,1
56,0,1997,1
56,0,1998,1
56,0,2018,1
100,0,1995,1
100,0,2018,1
191,0,2018,1
196,0,2014,1
196,0,2018,1
203,0,1997,1
208,0,1997,1
251,0,2018,1
276,0,2018,1
348,0,2018,1
381,0,2018,1
442,0,1995,1
442,0,1996,1
442,0,1997,1
442,0,1998,1
442,0,2018,1
470,0,2017,1
470,0,2018,1
528,0,2018,1
616,0,2018
40,0,2018
56,0,1995,1
56,0,1996,1
56,0,1997,1
56,0,1998,1
56,0,2018,1
100,0,1995,1
100,0,2018,1
191,0,2018,1
196,0,2014,1
196,0,2018,1
203,0,1997,1
208,0,1997,1
251,0,2018,1
276,0,2018,1
348,0,2018,1
381,0,2018,1
442,0,1995,1
442,0,1996,1
442,0,1997,1
442,0,1998,1
442,0,2018,1
470,0,2017,1
470,0,2018,1
528,0,2018,1
616,0,2018,1
703,0,2018,1
705,0,2018,1
724,0,2018,1
40,0,2018,1
56,0,1995,1
56,0,1996,1
56,0,1997,1
56,0,1998,1
56,0,2018,1
100,0,1995,1
100,0,2018,1
191,0,2018,1
196,0,2018,1
203,0,1997,1
208,0,1997,1
251,0,2018,1
276,0,2018,1
348,0,2018,1
381,0,2018,1
442,0,1995,1
442,0,1996,1
442,0,1997,1
442,0,1998,1
442,0,2018
470,0,2017,1
470,0,2018,1
528,0,2018,1
616,0,2018,1
703,0,2018,1
705,0,2018,1
724,0,2018,1
842,0,2018,1

