97,1995,1
40,1995,1
40,1996,1
40,1997,1
40,1998,1
40,1999,1
40,2000,1
40,2001,1
40,2002,1
40,2003,1
40,2004,1
40,2005,1
40,2006,1
40,2007,1
40,1995,1
40,1996,1
40,1997,1
40,1998,1
40,2018,1
40,1999,1
40,2000,1
40,2001
40,1995
40,1996
40,1997
40,1998
40,2018
40,1999
40,2000
40,2001
40,2002
40,2003
40,2004
40,2005
40,2006
40,2007
40,2008
40,2009
40,2010
40,2011
40,2012
40,2013
40,2014
40,2015
40,2016
40,2017
40,2018
40,1997
40,56,1995,1
40,56,1996,1
40,56,1997,1
40,56,1998,1
40,56,2018,1
40,58,1999,1
40,58,2000,1
40,58,2001,1
40,58,2002,1
40,58,2003,1
40,58,2004,1
40,58,2005,1
40,58,2006,1
40,58,2007,1
40,58,2008,1
40,58,2009,1
40,58,2010,1
40,58,2011,1
40,58,2012,1
40,58,2013,1
40,58,2014,1
40,58,2015,1
40,58,2016,1
40,58,2017,1
40,58,2018,1
40,100,1997
40,100,2018,1
40,191,2018,1
40,196,2018,1
40,203,2018,1
40,200,1995,1
40,200,1996,1
40,200,1997,1
40,200,1998,1
40,200,1999,1
40,200,2000,1
40,200,2001,1
40,200,2002,1
40,200,2003
40,200,2004,1
40,200,2005,1
40,200,2006,1
40,200,2007,1
40,200,2008,1
40,200,2009,1
40,200,2010,1
40,200,2011,1
40,200,2012,1
40,200,2013,1
40,200,2014,1
40,200,2015,1
40,200,2016,1
40,200,2017,1
40,200,2018,1
40,208,2018,1
40,233,2018,1
40,246,2018,1
40,251,2009
40,251,2018,1
40,276,2018,1
40,300,2018,1
40,348,2018,1
40,372,2015
40,372,2018,1
40,381,2018,1
40,428,2018,1
40,440,2018,1
40,442,1995,1
40,442,1996,1
40,442,1997
40,442,1998,1
40,442,2018,1
40,470,2018,1
40,528,2018,1
40,616,2018,1
40,620,2003
40,620,2018,1
40,642,2018,1
40,703,2018,1
40,705,2018,1
40,724,2009
40,724,2014,1
40,724,2015,1
40,724,2016,1
40,724,2018,1
40,826,2014,1
40,826,2016,1
40,826,2018,1
56,40,1995,1
56,40,1996,1
56,40,1997,1
56,40,1998,1
56,40,1999
56,40,2018,1
56,58,1995,1
56,58,1996,1
56,58,1997,1
56,58,1998,1
56,58,1999,1
56,58,2000,1
56,58,2001,1
56,58,2002,1
56,58,2003,1
56,58,2004,1
56,58,2005,1
56,58,2006,1
56,58,2007,1
56,58,2008,1
56,58,2009,1
56,58,2010,1
56,58,2011,1
56,58,2012,1
56,58,2013,1
56,58,2014,1
56,58,2015,1
56,58,2016,1
56,58,2017,1
56,58,2018,1
56,100,1995,1
56,100,1996,1
56,100,1997,1
56,100,1998,1
56,100,1999
56,100,2018,1
56,191,1995,1
56,191,1996,1
56,191,1997,1
56,191,1998
56,191,2016,1
56,191,2018,1
56,196,1995,1
56,196,1996
56,196,1997,1
56,196,1998,1
56,196,1999
56,196,2004,1
56,196,2018,1
56,203,1995,1
56,203,1996,1
56,203,1997,1
56,203,1998
56,203,2018,1
56,200,1995,1
56,200,1996
56,200,1997,1
56,200,1998
56,200,1999,1
56,200,2000,1
56,200,2001,1
56,200,2002,1
56,200,2003,1
56,200,2004,1
56,200,2005,1
56,200,2006,1
56,200,2007,1
56,200,2008,1
56,200,2009,1
56,200,2010,1
56,200,2011,1
56,200,2012,1
56,200,2013,1
56,200,2014,1
56,200,2015,1
56,200,2016,1
56,200,2017,1
56,200,2018,1
56,208,1995,1
56,208,1996,1
56,208,1997
56,208,1998,1
56,208,2018,1
56,233,1995,1
56,233,1996,1
56,233,1997,1
56,233,1998,1
56,233,2018,1
56,246,1995,1
56,246,1996,1
56,246,1997,1
56,246,1998,1
56,246,2018,1
56,251,1995,1
56,251,1996,1
56,251,1997,1
56,251,1998,1
56,251,1999
56,251,2016,1
56,251,2018,1
56,276,1995,1
56,276,1996,1
56,276,1997,1
56,276,1998,1
56,276,2018,1
56,300,1995,1
56,300,1996,1
56,300,1997,1
56,300,1998,1
56,300,2018,1
56,348,1995,1
56,348,1996,1
56,348,1997,1
56,348,1998,1
56,348,1999
56,348,2018,1
56,372,1995,1
56,372,1996,1
56,372,1997,1
56,372,1998,1
56,372,2018,1
56,381,1995,1
56,381,1996,1
56,381,1997
56,381,1998,1
56,381,2018,1
56,428,1995,1
56,428,1996
56,428,1997,1
56,428,1998,1
56,428,2018,1
56,440,1995,1
56,440,1996,1
56,440,1997,1
56,440,1998,1
56,440,2018,1
56,442,1995,1
56,442,1996,1
56,442,1997,1
56,442,1998,1
56,442,2018,1
56,470,1995,1
56,470,1996,1
56,470,1997,1
56,470,1998,1
56,470,2014,1
56,470,2018,1
56,528,1995,1
56,528,1996,1
56,528,1997,1
56,528,1998,1
56,528,2002
56,528,2018,1
56,616,1995,1
56,616,1996,1
56,616,1997,1
56,616,1998
56,616,2018,1
56,620,1995,1
56,620,1996,1
56,620,1997,1
56,620,1998
56,620,2018,1
56,642,1995,1
56,642,1996,1
56,642,1997
56,642,1998,1
56,642,2018,1
56,703,1995,1
56,703,1996,1
56,703,1997
40,0,2018,1
56,0,1995,1
56,0,1996,1
56,0,1997,1
56,0,1998,1
56,0,2018,1
58,0,1999,1
58,0,2000,1
58,0,2001,1
58,0,2002,1
58,0,2003,1
58,0,2004,1
58,0,2005,1
58,0,2006,1
58,0,2007,1
58,0,2008,1
58,0,2009,1
58,0,2010,1
58,0,2011,1
58,0,2012,1
58,0,2013,1
58,0,2014,1
58,0,2015,1
58,0,2016,1
58,0,2017,1
58,0,2018,1
100,0,1995,1
100,0,2018,1
191,0,2000
191,0,2018,1
196,0,2018,1
203,0,1997,1
200,0,1995,1
200,0,1996,1
200,0,1997,1
200,0,1998,1
200,0,1999,1
200,0,2000,1
200,0,2001,1
200,0,2002,1
200,0,2003,1
200,0,2004,1
200,0,2005,1
200,0,2006,1
200,0,2007,1
200,0,2008,1
200,0,2009,1
200,0,2010,1
200,0,2011,1
200,0,2012,1
200,0,2013,1
200,0,2014,1
200,0,2015,1
200,0,2016,1
200,0,2017,1
200,0,2018,1
208,0,1997,1
208,0,2006
208,0,2009,1
251,0,2018,1
276,0,2012
276,0,2018,1
348,0,2018,1
381,0,2018
56,703,1998,1
56,703,1999
56,703,2018,1
56,705,1995,1
56,705,1996
56,705,1997,1
56,705,1998
56,705,2018,1
56,724,1995,1
56,724,1996
56,724,1997,1
56,724,1998,1
56,724,2018,1
56,826,1995,1
56,826,1996
56,826,1997,1
56,826,1998,1
56,826,1999
56,826,2018,1
58,40,1999,1
58,40,2000,1
58,40,2001,1
58,40,2002,1
58,40,2003,1
58,40,2004,1
58,40,2005
58,40,2006,1
58,40,2007,1
58,40,2008,1
58,40,2009,1
58,40,2010,1
58,40,2011,1
58,40,2012,1
58,40,2013,1
58,40,2014,1
58,40,2015,1
58,40,2016,1
58,40,2017,1
58,40,2018,1
58,56,1995,1
58,56,1996,1
58,56,1997,1
58,56,1998,1
58,56,1999,1
58,56,2000,1
58,56,2001,1
58,56,2002,1
58,56,2003
58,56,2004,1
58,56,2005
58,56,2006,1
58,56,2007,1
58,56,2008,1
58,56,2009,1
58,56,2010,1
58,56,2011,1
58,56,2012,1
58,56,2013,1
58,56,2014,1
58,56,2015,1
58,56,2016,1
58,56,2017,1
58,56,2018,1
58,100,1999,1
58,100,2000
58,100,2001,1
58,100,2002
58,100,2003,1
58,100,2004,1
58,100,2005,1
58,100,2006,1
58,100,2007,1
58,100,2008,1
58,100,2009,1
58,100,2010,1
58,100,2011,1
58,100,2012,1
58,100,2013,1
58,100,2014,1
58,100,2015,1
58,100,2016,1
58,100,2017,1
58,100,2018,1
58,191,1999,1
58,191,2000,1
58,191,2001,1
58,191,2002,1
58,191,2003,1
58,191,2004,1
58,191,2005,1
58,191,2006,1
58,191,2007,1
58,191,2008,1
58,191,2009,1
58,191,2010,1
58,191,2011,1
58,191,2012,1
58,191,2013,1
58,191,2014,1
58,191,2015,1
58,191,2016,1
58,191,2017,1
58,191,2018,1
58,196,1999,1
58,196,2000,1
58,196,2001,1
58,196,2002,1
58,196,2003,1
58,196,2004,1
58,196,2005,1
58,196,2006,1
58,196,2007,1
58,196,2008,1
58,196,2009,1
58,196,2010,1
58,196,2011,1
58,196,2012,1
58,196,2013,1
58,196,2014,1
58,196,2015,1
58,196,2016,1
58,196,2017,1
58,196,2018,1
58,203,1999,1
58,203,2000,1
58,203,2001,1
58,203,2002
58,203,2003,1
58,203,2004,1
58,203,2005,1
58,203,2006
58,203,2007,1
58,203,2008,1
58,203,2009,1
58,203,2010,1
58,203,2011,1
58,203,2012,1
58,203,2013,1
58,203,2014,1
58,203,2015,1
58,203,2016,1
58,203,2017,1
58,203,2018,1
58,200,1995,1
58,200,1996,1
58,200,1997,1
58,200,1998,1
58,200,1999
58,200,2000,1
58,200,2001
58,200,2002,1
58,200,2003,1
58,200,2004,1
58,200,2005,1
58,200,2006,1
58,200,2007,1
58,200,2008,1
58,200,2009,1
58,200,2010,1
58,200,2011,1
58,200,2012,1
58,200,2013,1
58,200,2014,1
58,200,2015,1
58,200,2016,1
58,200,2017,1
58,200,2018,1
58,208,1999,1
58,208,2000,1
58,208,2001,1
58,208,2002,1
58,208,2003,1
58,208,2004,1
58,208,2005,1
58,208,2006,1
58,208,2007,1
58,208,2008,1
58,208,2009,1
58,208,2010,1
58,208,2011,1
58,208,2012,1
58,208,2013,1
58,208,2014,1
58,208,2015,1
58,208,2016,1
58,208,2017,1
58,208,2018,1
58,233,1999,1
58,233,2000
58,233,2001,1
58,233,2002
58,233,2003,1
58,233,2004,1
58,233,2005,1
58,233,2006
58,233,2007,1
58,233,2008,1
58,233,2009,1
58,233,2010,1
58,233,2011,1
58,233,2012,1
58,233,2013,1
58,233,2014,1
58,233,2015,1
58,233,2016,1
58,233,2017,1
58,233,2018,1
58,246,1999,1
58,246,2000,1
58,246,2001
58,246,2002,1
58,246,2003,1
58,246,2004,1
58,246,2005,1
58,246,2006,1
58,246,2007,1
58,246,2008,1
58,246,2009,1
58,246,2010,1
58,246,2011,1
58,246,2012,1
58,246,2013,1
58,246,2014,1
58,246,2015,1
58,246,2016,1
58,246,2017,1
58,246,2018,1
58,251,1999,1
58,251,2000,1
58,251,2001,1
58,251,2002,1
58,251,2003,1
58,251,2004,1
58,251,2005,1
58,251,2006,1
58,251,2007,1
58,251,2008,1
58,251,2009,1
58,251,2010,1
58,251,2011
58,251,2012,1
58,251,2013,1
58,251,2014,1
58,251,2015,1
58,251,2016,1
58,251,2017,1
58,251,2018,1
58,276,1999,1
58,276,2000,1
58,276,2001,1
58,276,2002,1
58,276,2003,1
58,276,2004,1
58,276,2005,1
58,276,2006,1
58,276,2007,1
58,276,2008,1
58,276,2009,1
58,276,2010,1
58,276,2011,1
58,276,2012,1
58,276,2013,1
58,276,2014,1
58,276,2015,1
58,276,2016,1
58,276,2017,1
58,276,2018,1
58,300,1999,1
58,300,2000,1
58,300,2001
58,300,2002,1
58,300,2003,1
58,300,2004,1
58,300,2005,1
58,300,2006,1
58,300,2007,1
58,300,2008,1
58,300,2009,1
58,300,2010,1
58,300,2011,1
58,300,2012,1
58,300,2013,1
58,300,2014,1
58,300,2015,1
58,300,2016,1
58,300,2017,1
58,300,2018,1
58,348,1998
58,348,1999,1
58,348,2000,1
58,348,2001,1
58,348,2002,1
58,348,2003,1
58,348,2004,1
58,348,2005,1
58,348,2006,1
58,348,2007,1
58,348,2008,1
58,348,2009,1
58,348,2010,1
58,348,2011,1
58,348,2012,1
58,348,2013,1
58,348,2014,1
58,348,2015,1
58,348,2016,1
58,348,2017,1
58,348,2018,1
58,372,1999,1
58,372,2000,1
58,372,2001
58,372,2002,1
58,372,2003,1
58,372,2004,1
58,372,2005,1
58,372,2006,1
58,372,2007,1
58,372,2008,1
58,372,2009,1
58,372,2010,1
58,372,2011,1
58,372,2012,1
58,372,2013,1
58,372,2014,1
58,372,2015,1
58,372,2016,1
58,372,2017,1
58,372,2018,1
58,381,1999,1
58,381,2000,1
58,381,2001
58,381,2002,1
58,381,2003,1
58,381,2004,1
58,381,2005,1
58,381,2006,1
58,381,2007
58,381,2008
58,381,2009,1
58,381,2010,1
58,381,2011,1
58,381,2012,1
58,381,2013,1
58,381,2014,1
58,381,2015,1
58,381,2016,1
58,381,2017,1
58,381,2018,1
58,428,1999,1
58,428,2000,1
58,428,2001,1
58,428,2002
58,428,2003,1
58,428,2004
58,428,2005,1
58,428,2006,1
58,428,2007,1
58,428,2008,1
58,428,2009,1
58,428,2010,1
58,428,2011,1
58,428,2012,1
58,428,2013,1
58,428,2014,1
58,428,2015,1
58,428,2016,1
58,428,2017,1
58,428,2018,1
58,440,1999,1
58,440,2000,1
58,440,2001,1
58,440,2002,1
58,440,2003,1
58,440,2004,1
58,440,2005,1
58,440,2006,1
58,440,2007,1
58,440,2008,1
58,440,2009,1
58,440,2010,1
58,440,2011,1
58,440,2012,1
58,440,2013,1
58,440,2014,1
58,440,2015,1
58,440,2016,1
58,440,2017,1
58,440,2018,1
58,442,1995,1
58,442,1996
40,56,1995,1
40,56,1996,1
40,56,1997,1
40,56,1998,1
40,56,2018,1
40,100,2018,1
40,191,2018,1
40,196,2018,1
40,203,2018,1
40,208,2018,1
40,233,2018,1
40,246,2018,1
40,251,2018,1
40,276,2018,1
40,300,2018,1
40,348,2018,1
40,372,2018,1
40,381,2018,1
40,428,2018,1
40,440,2018,1
40,442,1995,1
40,442,1996,1
40,442,1997,1
40,442,1998,1
40,442,2018,1
40,470,2018,1
40,528,2018,1
40,616,2018,1
40,620,2018,1
40,642,2018,1
40,703,2018,1
40,705,2018,1
40,752,2018,1
40,724,2018,1
40,826,2018,1
56,40,1995,1
56,40,1996,1
56,40,1997,1
56,40,1998,1
56,40,2018,1
56,100,1995,1
56,100,1996,1
56,100,1997,1
56,100,1998,1
56,100,2018,1
56,191,1995,1
56,191,1996,1
56,191,1997,1
56,191,1998,1
56,191,2018,1
56,196,1995,1
56,196,1996,1
56,196,1997,1
56,196,1998,1
56,196,2018,1
56,203,1995,1
56,203,1996,1
56,203,1997,1
56,203,1998,1
56,203,2018,1
56,208,1995,1
56,208,1996,1
56,208,1997,1
56,208,1998
40,56,2018,1
40,100,2018,1
40;56;2018;0
40;100;2018;0
40;191;2018;0
40;196;2018;0
40;203;2018;0
40;208;2018;0
40;233;2018;0
40;246;2018;0
40;251;2018;0
40;276;2018;0
40;300;2018;0
40;348;2018;0
40;372;2018;0
40;381;2018;0
40;428;2018;0
40;440;2018;0
40;442;2018;0
40;470;2018;0
40;528;2018;0
40;616;2018;0
40;620;2018;0
40;642;2018;0
40;703;2018;0
40;705;2018;0
40;752;2018;0
40;724;2018;0
40;826;2018;0
56;40;2018;0
56;100;2018;0
56;191;2018;0
56;196;2018;0
56;203;2018;0
56;208;2018;0
56;233;2018;0
56;246;2018;0
56;251;2018;0
56;276;2018;0
56;300;2018;0
56;348;2018;0
56;372;2018;0
56;381;2018;0
56;428;2018;0
56;440;2018;0
56;442;2018;0
56;470;2018;0
56;528;2018;0
56;616;2018;0
56;620;2018;0
56;642;2018;0
56;703;2018;0
56;705;2018;0
56;752;2018;0
56;724;2018;0
56;826;2018;0
100;40;2018;0
100;56;2018;0
100;191;2018;0
100;196;2018;0
100;203;2018;0
100;208;2018;0
100;233;2018;0
100;246;2018;0
100;251;2018;0
100;276;2018;0
100;300;2018;0
100;348;2018;0
100;372;2018;0
100;381;2018;0
100;428;2018;0
100;440;2018;0
100;442;2018;0
100;470;2018;0
100;528;2018;0
100;616;2018;0
100;620;2018;0
100;642;2018;0
100;703;2018;0
100;705;2018;0
100;752;2018;0
100;724;2018;0
100;826;2018;0
191;40;2018;0
191;56;2018;0
191;100;2018;0
191;196;2018;0
191;203;2018;0
191;208;2018;0
191;233;2018;0
191;246;2018;0
191;251;[2014,2015,2016,2017,2018]
40;56;2018;0
40;100;2018;0
40;191;2018;0
40;196;2018;0
40;203;2018;0
40;208;2018;0
40;233;2018;0
40;246;2018;0
40;251;2018;0
40;276;2018;0
40;300;2018;0
40;348;2018;0
40;372;2018;0
40;381;2018;0
40;428;2018;0
40;440;2018;0
40;442;2018;0
40;470;2018;0
40;528;2018;0
40;616;2018;0
40;620;2018;0
40;642;2018;0
40;703;2018;0
40;705;2018;0
40;752;2018;0
40;724;2018;0
40;826;2018;0
56;40;2018;0
56;100;2018;0
56;191;2018;0
56;196;2018;0
56;203;2018;0
56;208;2018;0
56;233;2018;0
56;246;2018;0
56;251;2018;0
56;276;2018;0
56;300;2018;0
56;348;2018;0
56;372;2018;0
56;381;2018;0
56;428;2018;0
56;440;2018;0
56;442;2018;0
56;470;2018;0
56;528;2018;0
56;616;2018;0
56;620;2018;0
56;642;2018;0
56;703;2018;0
56;705;2018;0
56;752;2018;0
56;724;2018;0
56;826;2018;0
100;40;2018;0
100;56;2018;0
100;191;2018;0
100;196;2018;0
100;203;2018;0
100;208;2018;0
100;233;2018;0
100;246;2018;0
100;251;2018;0
100;276;2018;0
100;300;2018;0
100;348;2018;0
100;372;2018;0
100;381;2018;0
100;428;2018;0
100;440;2018;0
100;442;2018;0
100;470;2018;0
100;528;2018;0
100;616;2018;0
100;620;2018;0
100;642;2018;0
100;703;2018;0
100;705;2018;0
100;752;2018;0
100;724;2018;0
100;826;2018;0
191;40;2018;0
191;56;2018;0
191;100;2018;0
191;196;2018;0
191;203;2018;0
191;208;2018;0
191;233;2018;0
191;246;2018;0
191;251;[2014,2015,2016,2017,2018]
191;251;2018;0
191;276;2018;0
191;300;2018;0
191;348;2018;0
191;372;2018;0
191;381;2018;0
191;428;2018;0
191;440;2018;0
191;442;2018;0
191;470;2018;0
191;528;2018;0
191;616;2018;0
191;620;2018;0
191;642;2018;0
191;703;2018;0
191;705;2018;0
191;752;2018;0
191;724;2018;0
191;826;2018;0
196;40;2018;0
196;56;2018;0
196;100;2018;0
196;191;2018;0
196;203;2018;0
196;208;2018;0
196;233;2018;0
196;246;2018;0
196;251;2018;0
196;276;2018;0
196;300;2018;0
196;348;2018;0
196;372;2018;0
196;381;2018;0
196;428;2018;0
196;440;2018;0
196;442;2018;0
196;470;2018;0
196;528;2018;0
196;616;2018;0
196;620;2018;0
196;642;2018;0
196;703;2018;0
196;705;2018;0
196;752;2018;0
196;724;2018;0
196;826;2018;0
233;56;[2014,2015,2016,2017,2018]
40;56;[2014,2015,2016,2017,2018]
40;56;2018;0
40;100;2018;0
40;191;2018;0
40;196;[2014,2015,2016,2017,2018];1
40;203;[2014,2015,2016,2017,2018]
40;203;2018;0
40;233;2018;0
40;246;2018;0
40;251;2018;0
40;276;2018;0
40;300;2018;0
40;348;2018;0
40;372;2018;0
40;381;2018;0
40;428;2018;0
40;440;2018;0
40;442;[2014,2015,2016,2017,2018];1
40;470;[2014,2015,2016,2017,2018]
40;470;[2014,2015,2016,2017,2018];1
40;528;[2014,2015,2016,2017,2018]
40;528;2018;0
40;616;2018;0
40;620;2018;0
40;642;[2014,2015,2016,2017,2018];1
40;703;[2014,2015,2016,2017,2018]
40;703;2018;0
40;705;2018;0
40;752;2018;0
40;724;2018;0
40;826;2018;0
56;40;[2014,2015,2016,2017,2018];1
56;100;[2014,2015,2016,2017,2018];1
56;191;[2014,2015,2016,2017,2018]
56;191;[2014,2015,2016,2017,2018];1
56;196;[2014,2015,2016,2017,2018]
56;196;2018;0
56;203;2018;0
56;208;2018;0
56;233;2018;0
56;246;2018;0
56;251;2018;0
56;276;2018;0
56;300;2018;0
56;348;2018;0
56;372;2018;0
56;381;2018;0
56;428;2018;0
56;440;2018;0
56;442;2018;0
56;470;2018;0
56;528;2018;0
56;616;2018;0
56;620;2018;0
56;642;2018;0
56;703;[2014,2015,2016,2017,2018];1
56;705;[2014,2015,2016,2017,2018];1
56;752;[2014,2015,2016,2017,2018]
56;752;2018;0
56;724;2018;0
56;826;2018;0
100;40;2018;0
100;56;2018;0
100;191;2018;0
100;196;2018;0
100;203;2018;0
100;208;2018;0
100;233;2018;0
100;246;2018;0
100;251;2018;0
100;276;2018;0
100;300;2018;0
100;348;2018;0
100;372;[2014,2015,2016,2017,2018];1
100;381;[2014,2015,2016,2017,2018]
100;381;2018;0
100;428;2018;0
100;440;2018;0
100;442;2018;0
100;470;2018;0
100;528;2018;0
100;616;2018;0
100;620;2018;0
100;642;2018;0
100;703;[2014,2015,2016,2017,2018];1
100;705;[2014,2015,2016,2017,2018]
100;705;2018;0
100;752;2018;0
100;724;[2014,2015,2016,2017,2018];1
100;826;[2014,2015,2016,2017,2018]
100;826;2018;0
191;40;2018;0
191;56;2018;0
191;100;2018;0
191;196;2018;0
191;203;2018;0
191;208;2018;0
191;233;2018;0
191;246;2018;0
191;251;2018;0
191;276;2018;0
191;300;2018;0
191;348;2018;0
191;372;2018;0
191;381;2018;0
191;428;2018;0
191;440;2018;0
191;442;2018;0
191;470;2018;0
191;528;2018;0
191;616;2018;0
191;620;2018;0
191;642;2018;0
191;703;2018;0
191;705;2018;0
191;752;2018;0
191;724;2018;0
191;826;2018;0
196;40;2018;0
196;56;2018;0
196;100;2018;0
196;191;2018;0
196;203;2018;0
196;208;2018;0
196;233;2018;0
196;246;2018;0
196;251;2018;0
196;276;2018;0
196;300;2018;0
196;348;2018;0
196;372;2018;0
196;381;2018;0
196;428;2018;0
196;440;2018;0
196;442;2018;0
196;470;2018;0
196;528;2018;0
196;616;2018;0
196;620;2018;0
196;642;2018;0
196;703;2018;0
196;705;[2014,2015,2016,2017,2018]
196;705;[2014,2015,2016,2017,2018]
196;705;[2014,2015,2016,2017,2018]
196;705;[2014,2015,2016,2017,2018]
196;705;2018;0
196;752;2018;0
196;724;2018;0
196;826;2018;0
246;442;[2014,2015,2016,2017,2018];1
246;642;[2014,2015,2016,2017,2018];1
246;826;[2014,2015,2016,2017,2018];1
251;40;2018;0
251;56;2018;0
251;100;2018;0
251;191;2018;0
251;196;2018;0
251;203;2018;0
251;208;[2014,2015,2016,2017,2018];1
251;233;2018;0
251;246;2018;0
251;276;2018;0
251;300;2018;0
251;348;2018;0
251;372;2018;0
251;381;2018;0
251;428;2018;0
251;440;[2014,2015,2016,2017,2018];1
251;442;2018;0
251;470;2018;0
251;528;[2014,2015,2016,2017,2018];1
251;616;[2014,2015,2016,2017,2018];1
251;620;2018;0
251;642;2018;0
251;703;[2014,2015,2016,2017,2018];1
251;705;2018;0
251;752;2018;0
251;724;2018;0
251;826;2018;0
276;40;2018;0
276;56;2018;0
276;100;2018;0
276;196;2018;0
276;203;2018;0
276;208;2018;0
276;233;2018;0
276;246;2018;0
276;251;2018;0
276;300;2018;0
276;348;2018;0
276;372;2018;0
276;381;2018;0
276;428;2018;0
276;440;2018;0
276;442;2018;0
276;470;[2014,2015,2016,2017,2018]
276;470;[2014,2015,2016,2017,2018]
276;470;[2014,2015,2016,2017,2018]
276;470;2018;0
276;528;2018;0
276;616;2018;0
276;620;2018;0
276;642;2018;0
276;703;2018;0
276;705;2018;0
276;752;2018;0
276;724;2018;0
276;826;2018;0
348;40;2018;0
348;56;2018;0
348;100;2018;0
348;191;2018;0
348;196;2018;0
348;203;2018;0
348;208;2018;0
348;233;2018;0
348;246;2018;0
348;251;2018;0
348;276;2018;0
348;300;2018;0
348;372;2018;0
348;381;2018;0
348;428;2018;0
348;440;2018;0
348;442;2018;0
348;470;2018;0
348;528;2018;0
348;616;2018;0
348;620;2018;0
348;642;2018;0
348;703;2018;0
348;705;2018;0
348;752;2018;0
348;724;2018;0
348;826;2018;0
381;40;2018;0
381;56;2018;0
381;100;2018;0
381;191;2018;0
381;196;2018;0
381;203;2018;0
381;208;[2014,2015,2016,2017,2018];1
381;233;[2014,2015,2016,2017,2018]
381;233;2018;0
381;246;2018;0
381;251;2018;0
381;276;[2014,2015,2016,2017,2018]
381;276;[2014,2015,2016,2017,2018]
381;276;[2014,2015,2016,2017,2018]
381;276;2018;0
381;300;2018;0
381;348;2018;0
381;372;2018;0
381;428;2018;0
381;440;2018;0
381;442;2018;0
381;470;2018;0
381;528;2018;0
381;616;2018;0
381;620;2018;0
381;642;2018;0
381;703;2018;0
381;705;2018;0
381;752;2018;0
381;724;2018;0
381;826;2018;0
442;40;2018;0
442;56;2018;0
442;100;2018;0
442;191;2018;0
442;196;2018;0
442;203;2018;0
442;208;2018;0
442;233;2018;0
442;246;2018;0
442;251;2018;0
442;276;2018;0
442;300;2018;0
442;348;2018;0
442;372;2018;0
442;381;2018;0
442;428;2018;0
442;440;2018;0
442;470;2018;0
442;528;2018;0
442;616;[2014,2015,2016,2017,2018];1
442;620;[2014,2015,2016,2017,2018]
442;620;2018;0
442;642;2018;0
442;703;2018;0
442;705;2018;0
442;752;2018;0
442;724;2018;0
442;826;2018;0
470;40;2017;0
470;40;2018;0
470;56;2017;0
470;56;2018;0
470;100;2017;0
470;100;2018;0
470;191;[2014,2015,2016,2017,2018]
470;191;[2014,2015,2016,2017,2018]
470;191;[2014,2015,2016,2017,2018]
470;191;[2014,2015,2016,2017,2018]
470;191;[2014,2015,2016,2017,2018]
470;191;[2014,2015,2016,2017,2018]
470;191;2017;0
470;191;2018;0
470;196;2017;0
470;196;2018;0
470;203;2017;0
470;203;2018;0
470;208;2017;0
470;208;2018;0
470;233;2017;0
470;233;2018;0
470;246;2017;0
470;246;2018;0
470;251;2017;0
470;251;2018;0
470;276;2017;0
470;276;2018;0
470;300;2017;0
470;300;2018;0
470;348;2017;0
470;348;2018;0
470;372;2017;0
470;372;2018;0
470;381;2017;0
470;381;2018;0
